The ASCII text file below contains the data presented in Figure 4 of the manuscript
 "The Intermolecular Dynamics of Water", by Castner, Chang, Chu, and Walrafen,
 accepted for publication in the Journal of Chemical Physics, Sept. 1994.

	0	0
	0.0033356098	0.29746392
	0.0066712196	0.56492066
	0.010006829	0.77783471
	0.013342439	0.92139524
	0.01667805	0.99263209
	0.020013658	1
	0.023349268	0.96064693
	0.026684878	0.89611846
	0.030020488	0.82758349
	0.0333561	0.77170551
	0.03669171	0.73804277
	0.040027317	0.72840506
	0.043362927	0.73806685
	0.046698537	0.75828302
	0.050034147	0.77928692
	0.053369757	0.79294133
	0.056705367	0.7944234
	0.060040977	0.78268313
	0.063376591	0.75979471
	0.066712201	0.7296049
	0.070047811	0.69620645
	0.073383421	0.66271311
	0.076719031	0.63062602
	0.080054633	0.59985
	0.083390243	0.56920928
	0.086725853	0.53719866
	0.090061463	0.50269127
	0.093397073	0.46540055
	0.096732683	0.42600894
	0.10006829	0.38599068
	0.1034039	0.34723306
	0.10673951	0.31159109
	0.11007512	0.28049895
	0.11341073	0.25472471
	0.11674634	0.23430789
	0.12008195	0.21867289
	0.12341756	0.20687445
	0.12675318	0.19790256
	0.13008879	0.19096285
	0.1334244	0.18565528
	0.13676001	0.1820031
	0.14009562	0.18032897
	0.14343123	0.18102512
	0.14676684	0.18430121
	0.15010245	0.19000185
	0.15343806	0.19756079
	0.15677367	0.2061073
	0.16010927	0.21468204
	0.16344488	0.22247902
	0.16678049	0.22902295
	0.1701161	0.23422115
	0.17345171	0.23828171
	0.17678732	0.24154401
	0.18012293	0.24429736
	0.18345854	0.24666084
	0.18679415	0.24856253
	0.19012976	0.24980915
	0.19346537	0.25019938
	0.19680098	0.24962166
	0.20013659	0.24809411
	0.2034722	0.24573848
	0.20680781	0.242714
	0.21014342	0.23915371
	0.21347903	0.23513766
	0.21681464	0.23071271
	0.22015025	0.2259398
	0.22348586	0.22093405
	0.22682147	0.21586831
	0.23015708	0.21093184
	0.23349269	0.20626323
	0.2368283	0.20189215
	0.24016391	0.19772243
	0.24349952	0.19356857
	0.24683513	0.18923107
	0.25017074	0.18457644
	0.25350636	0.17958595
	0.25684196	0.17435321
	0.26017758	0.16903579
	0.26351318	0.16378789
	0.2668488	0.15870692
	0.2701844	0.1538171
	0.27352002	0.14909105
	0.27685562	0.144491
	0.28019124	0.14000304
	0.28352684	0.1356454
	0.28686246	0.13144968
	0.29019806	0.12743115
	0.29353368	0.1235712
	0.29686928	0.11982661
	0.3002049	0.11616307
	0.3035405	0.11259285
	0.30687612	0.1091909
	0.31021172	0.10607361
	0.31354734	0.10334516
	0.31688294	0.10103704
	0.32021853	0.099074557
	0.32355416	0.097293623
	0.32688975	0.095507056
	0.33022538	0.093592145
	0.33356097	0.091556989
	0.3368966	0.089549035
	0.34023219	0.087795481
	0.34356782	0.086498275
	0.34690341	0.085731275
	0.35023904	0.08538907
	0.35357463	0.085215285
	0.35691026	0.084901303
	0.36024585	0.084212586
	0.36358148	0.083085299
	0.36691707	0.081648953
	0.3702527	0.080164678
	0.37358829	0.07890819
	0.37692392	0.078052096
	0.38025951	0.077601314
	0.38359514	0.077408962
	0.38693073	0.077260852
	0.39026636	0.076983772
	0.39360195	0.076522745
	0.39693758	0.075949334
	0.40027317	0.075399153
	0.4036088	0.074973099
	0.40694439	0.074655764
	0.41028002	0.074296497
	0.41361561	0.073666908
	0.41695124	0.072569758
	0.42028683	0.070946738
	0.42362246	0.068930671
	0.42695805	0.066812567
	0.43029368	0.064934127
	0.43362927	0.063551962
	0.4369649	0.062734455
	0.44030049	0.062338185
	0.44363612	0.062075071
	0.44697171	0.061640114
	0.45030734	0.060842842
	0.45364293	0.059684776
	0.45697856	0.05835053
	0.46031415	0.057119559
	0.46364978	0.056240223
	0.46698537	0.055822521
	0.470321	0.055794679
	0.47365659	0.055938132
	0.47699222	0.0559805
	0.48032781	0.055702757
	0.48366344	0.05501505
	0.48699903	0.053974111
	0.49033466	0.052743897
	0.49367025	0.051525328
	0.49700588	0.05049004
	0.50034148	0.04974404
	0.50367707	0.049327116
	0.50701272	0.049233928
	0.51034832	0.04943404
	0.51368392	0.049874403
	0.51701951	0.050464403
	0.52035517	0.051060151
	0.52369076	0.051470909
	0.52702636	0.05150139
	0.53036195	0.051023211
	0.53369761	0.050047666
	0.5370332	0.048762333
	0.5403688	0.047503106
	0.54370439	0.046659097
	0.54704005	0.046539225
	0.55037564	0.047251549
	0.55371124	0.048647474
	0.55704683	0.050360028
	0.56038249	0.051927481
	0.56371808	0.052956607
	0.56705368	0.053260855
	0.57038927	0.052917145
	0.57372493	0.052218225
	0.57706052	0.051541395
	0.58039612	0.051190015
	0.58373171	0.051275134
	0.58706737	0.051686328
	0.59040296	0.052160785
	0.59373856	0.052416366
	0.59707415	0.052286714
	0.60040981	0.051797226
	0.6037454	0.051148918
	0.607081	0.050620109
	0.61041659	0.050433274
	0.61375225	0.050649595
	0.61708784	0.051139858
	0.62042344	0.051644038
	0.62375903	0.051890481
	0.62709469	0.051718339
	0.63043028	0.051146142
	0.63376588	0.05035546
	0.63710147	0.049598757
	0.64043707	0.049075995
	0.64377272	0.048838578
	0.64710832	0.048765812
	0.65044391	0.04862434
	0.65377951	0.048182253
	0.65711516	0.047324054
	0.66045076	0.046113092
	0.66378635	0.044772834
	0.66712195	0.043596242
	0.6704576	0.042825032
	0.6737932	0.042553056
	0.67712879	0.042695235
	0.68046439	0.043032344
	0.68380004	0.043307293
	0.68713564	0.043327164
	0.69047123	0.043026015
	0.69380683	0.042464983
	0.69714248	0.041777227
	0.70047808	0.041090261
	0.70381367	0.04046591
	0.70714927	0.039885566
	0.71048492	0.039283253
	0.71382052	0.038604308
	0.71715611	0.037855487
	0.72049171	0.037118405
	0.72382736	0.036518525
	0.72716296	0.03616536
	0.73049855	0.036094494
	0.73383415	0.036240909
	0.7371698	0.036457412
	0.7405054	0.036569938
	0.74384099	0.03644428
	0.74717659	0.036034755
	0.75051224	0.035395309
	0.75384784	0.03465201
	0.75718343	0.033952884
	0.76051903	0.033418551
	0.76385468	0.033112649
	0.76719028	0.033038113
	0.77052587	0.033152275
	0.77386147	0.033387061
	0.77719712	0.033663403
	0.78053272	0.033897918
	0.78386831	0.034008455
	0.78720391	0.033927232
	0.79053956	0.033624116
	0.79387516	0.03313195
	0.79721075	0.03255808
	0.80054635	0.032067467
	0.803882	0.031834144
	0.8072176	0.031975053
	0.81055319	0.032493405
	0.81388879	0.033260103
	0.81722444	0.034048311
	0.82056004	0.034612868
	0.82389563	0.034784101
	0.82723123	0.03453571
	0.83056688	0.033995349
	0.83390248	0.033390995
	0.83723807	0.032955326
	0.84057367	0.032830272
	0.84390932	0.033014432
	0.84724492	0.033376247
	0.85058051	0.033725105
	0.85391611	0.033905338
	0.85725176	0.033867881
	0.86058736	0.033686038
	0.86392295	0.033509817
	0.86725855	0.033483502
	0.8705942	0.033668727
	0.8739298	0.034011576
	0.87726539	0.034369215
	0.88060099	0.034581035
	0.88393664	0.034547027
	0.88727224	0.034273006
	0.89060783	0.033860184
	0.89394343	0.033445898
	0.89727908	0.033127841
	0.90061468	0.032912672
	0.90395027	0.032716949
	0.90728587	0.032420404
	0.91062152	0.031943325
	0.91395712	0.031305987
	0.91729271	0.030636162
	0.92062831	0.030116973
	0.92396396	0.029898595
	0.92729956	0.030017266
	0.93063515	0.030363465
	0.93397075	0.030717952
	0.9373064	0.030841241
	0.940642	0.030575266
	0.94397759	0.029909322
	0.94731319	0.028979128
	0.95064878	0.028000191
	0.95398444	0.027168306
	0.95732003	0.026575509
	0.96065563	0.026181437
	0.96399122	0.025852114
	0.96732688	0.025444767
	0.97066247	0.024894789
	0.97399807	0.024260636
	0.97733366	0.023703944
	0.98066932	0.023414586
	0.98400491	0.023517577
	0.98734051	0.024007184
	0.99067611	0.024739753
	0.99401176	0.025487747
	0.99734735	0.026028179
	1.000683	0.026223348
	1.0040185	0.026057627
	1.0073541	0.025617413
	1.0106897	0.025029816
	1.0140254	0.024394903
	1.017361	0.023746947
	1.0206966	0.023062596
	1.0240322	0.022307824
	1.0273678	0.021494543
	1.0307034	0.020712644
	1.034039	0.020116322
	1.0373746	0.019867791
	1.0407103	0.020064374
	1.0440459	0.020684686
	1.0473815	0.021581499
	1.0507171	0.022526994
	1.0540527	0.023291435
	1.0573883	0.023721112
	1.0607239	0.023782633
	1.0640595	0.023557169
	1.0673952	0.023191549
	1.0707308	0.022831641
	1.0740664	0.022568731
	1.077402	0.022420032
	1.0807376	0.022346046
	1.0840732	0.022289559
	1.0874088	0.022212906
	1.0907444	0.022114366
	1.0940801	0.022018295
	1.0974157	0.021948576
	1.1007513	0.021903407
	1.1040869	0.021847386
	1.1074225	0.021726003
	1.1107581	0.021494662
	1.1140937	0.02114615
	1.1174293	0.020721359
	1.120765	0.020297226
	1.1241006	0.019957757
	1.1274362	0.019762544
	1.1307718	0.01972755
	1.1341074	0.019825893
	1.1374429	0.020005634
	1.1407785	0.020213559
	1.1441141	0.020412367
	1.1474499	0.020584265
	1.1507854	0.020722689
	1.154121	0.020820785
	1.1574566	0.020866223
	1.1607922	0.020846715
	1.1641278	0.020762602
	1.1674634	0.020636959
	1.170799	0.020513998
	1.1741347	0.020442909
	1.1774703	0.020453461
	1.1808059	0.020536229
	1.1841415	0.020639796
	1.1874771	0.02068964
	1.1908127	0.020621927
	1.1941483	0.020416476
	1.1974839	0.02011182
	1.2008196	0.019792795
	1.2041552	0.019554324
	1.2074908	0.019457268
	1.2108264	0.019497085
	1.214162	0.019600827
	1.2174976	0.019654801
	1.2208332	0.019550793
	1.2241688	0.019229913
	1.2275045	0.018704683
	1.2308401	0.018050727
	1.2341757	0.017374219
	1.2375113	0.016772147
	1.2408469	0.016304439
	1.2441825	0.015989041
	1.2475181	0.015817964
	1.2508537	0.01578098
	1.2541894	0.01588052
	1.257525	0.016127722
	1.2608606	0.016521966
	1.2641962	0.017027479
	1.2675318	0.017564222
	1.2708673	0.018023483
	1.2742029	0.018305035
	1.2775385	0.018359264
	1.2808741	0.018212302
	1.2842098	0.017958468
	1.2875454	0.017719923
	1.290881	0.01759069
	1.2942166	0.017592005
	1.2975522	0.017662464
	1.3008878	0.017690478
	1.3042234	0.017575432
	1.307559	0.017288171
	1.3108947	0.016899575
	1.3142303	0.01655969
	1.3175659	0.016433468
	1.3209015	0.016621225
	1.3242371	0.017101519
	1.3275727	0.017725775
	1.3309083	0.01827101
	1.3342439	0.018529683
	1.3375796	0.01839738
	1.3409152	0.017918402
	1.3442508	0.01726767
	1.3475864	0.01667593
	1.350922	0.016331296
	1.3542576	0.01630096
	1.3575932	0.01650767
	1.3609288	0.016770432
	1.3642645	0.016889587
	1.3676001	0.016736865
	1.3709357	0.016309777
	1.3742713	0.015727321
	1.3776069	0.01517153
	1.3809425	0.014803872
	1.3842781	0.014695526
	1.3876137	0.014802163
	1.3909494	0.014991659
	1.394285	0.015108434
	1.3976206	0.015042534
	1.4009562	0.014772004
	1.4042917	0.014362363
	1.4076273	0.013928527
	1.4109629	0.013581554
	1.4142985	0.013387072
	1.4176342	0.013352869
	1.4209698	0.013445957
	1.4243054	0.013623888
	1.427641	0.013859412
	1.4309766	0.014144126
	1.4343122	0.014471317
	1.4376478	0.014812007
	1.4409834	0.015103374
	1.4443191	0.015261839
	1.4476547	0.015218139
	1.4509903	0.014956817
	1.4543259	0.014536789
	1.4576615	0.014076925
	1.4609971	0.013708172
	1.4643327	0.013512558
	1.4676683	0.013479392
	1.471004	0.01350365
	1.4743396	0.013432493
	1.4776752	0.013141748
	1.4810108	0.012607126
	1.4843464	0.011934191
	1.487682	0.011328236
	1.4910176	0.011012905
	1.4943532	0.011131737
	1.4976889	0.011677143
	1.5010245	0.012481096
	1.5043601	0.01327495
	1.5076957	0.013794497
	1.5110313	0.013885301
	1.5143669	0.013562446
	1.5177025	0.012998927
	1.5210381	0.012448594
	1.5243738	0.012138374
	1.5277094	0.012177101
	1.531045	0.012519321
	1.5343806	0.01299654
	1.5377162	0.01339805
	1.5410517	0.013562704
	1.5443873	0.013440949
	1.5477229	0.013102895
	1.5510587	0.01269439
	1.5543942	0.012366236
	1.5577298	0.012211097
	1.5610654	0.012235181
	1.564401	0.012372409
	1.5677366	0.012527959
	1.5710722	0.012626093
	1.5744078	0.012638901
	1.5777434	0.012585783
	1.5810791	0.012509985
	1.5844147	0.012449435
	1.5877503	0.012419236
	1.5910859	0.012413503
	1.5944215	0.012421288
	1.5977571	0.012442851
	1.6010927	0.012493335
	1.6044283	0.012590131
	1.607764	0.012731987
	1.6110996	0.012884735
	1.6144352	0.012985989
	1.6177708	0.012970206
	1.6211064	0.012802469
	1.624442	0.012502019
	1.6277776	0.012140002
	1.6311132	0.011809043
	1.6344489	0.011578323
	1.6377845	0.011457717
	1.6411201	0.011391903
	1.6444557	0.011290642
	1.6477913	0.011081653
	1.6511269	0.010758491
	1.6544625	0.010395769
	1.6577981	0.010119373
	1.6611338	0.010042867
	1.6644694	0.010201079
	1.667805	0.01051674
	1.6711406	0.010822203
	1.6744761	0.010931415
	1.6778117	0.010730588
	1.6811473	0.010243361
	1.6844829	0.0096352855
	1.6878186	0.0091500999
	1.6911542	0.009003507
	1.6944898	0.0092826914
	1.6978254	0.0098996246
	1.701161	0.010622442
	1.7044966	0.011172657
	1.7078322	0.011344333
	1.7111678	0.011090266
	1.7145035	0.010535651
	1.7178391	0.0099143377
	1.7211747	0.0094596921
	1.7245103	0.0093031917
	1.7278459	0.0094284965
	1.7311815	0.0096998848
	1.7345171	0.0099460911
	1.7378527	0.010053089
	1.7411884	0.010016262
	1.744524	0.009925154
	1.7478596	0.0098909503
	1.7511952	0.0099585745
	1.7545308	0.010055035
	1.7578664	0.010007699
	1.761202	0.0096292486
	1.7645376	0.0088289995
	1.7678733	0.0076925913
	1.7712089	0.0064838203
	1.7745445	0.0055588312
	1.7778801	0.005226349
	1.7812157	0.0056164167
	1.7845513	0.0066191908
	1.7878869	0.0079243276
	1.7912225	0.0091449283
	1.7945582	0.0099704452
	1.7978938	0.010279783
	1.8012294	0.010165459
	1.804565	0.0098625729
	1.8079005	0.0096213007
	1.8112361	0.0095867561
	1.8145717	0.0097434232
	1.8179073	0.0099468427
	1.821243	0.010020633
	1.8245786	0.0098647531
	1.8279142	0.0095170857
	1.8312498	0.0091363443
	1.8345854	0.0089162625
	1.837921	0.00897732
	1.8412566	0.0092942631
	1.8445922	0.0096993558
	1.8479279	0.0099621248
	1.8512635	0.0099065294
	1.8545991	0.0095063318
	1.8579347	0.0089094397
	1.8612703	0.0083770733
	1.8646059	0.0081660133
	1.8679415	0.0084105665
	1.8712771	0.0090609863
	1.8746128	0.0099069672
	1.8779484	0.010672983
	1.881284	0.011137607
	1.8846196	0.011218876
	1.8879552	0.010986756
	1.8912908	0.010601703
	1.8946264	0.010215594
	1.897962	0.0098889973
	1.9012976	0.0095681986
	1.9046333	0.0091326172
	1.9079689	0.00848528
	1.9113045	0.0076358635
	1.9146401	0.0067291055
	1.9179757	0.0059995479
	1.9213113	0.0056719538
	1.9246469	0.005855632
	1.9279824	0.0064854347
	1.9313182	0.0073400098
	1.9346538	0.0081302039
	1.9379894	0.0086163012
	1.9413249	0.0086992104
	1.9446605	0.0084442999
	1.9479961	0.008030233
	1.9513317	0.0076516848
	1.9546673	0.0074260184
	1.958003	0.0073495908
	1.9613386	0.0073222411
	1.9646742	0.0072229099
	1.9680098	0.0069935401
	1.9713454	0.0066852113
	1.974681	0.0064411289
	1.9780166	0.0064245015
	1.9813522	0.0067283046
	1.9846879	0.0073136711
	1.9880235	0.008009511
	1.9913591	0.0085753808
	1.9946947	0.0087983618
	1.9980303	0.0085783955
	2.0013659	0.0079630669
	2.0047016	0.0071183485
	2.0080371	0.006252971
	2.0113728	0.0055351285
	2.0147083	0.0050410028
	2.018044	0.0047555245
	2.0213795	0.0046175402
	2.0247152	0.0045790244
	2.0280509	0.0046427627
	2.0313864	0.0048571518
	2.0347221	0.0052723568
	2.0380576	0.0058849892
	2.0413933	0.0066062412
	2.0447288	0.0072767064
	2.0480645	0.0077259042
	2.0514002	0.0078491559
	2.0547357	0.0076625301
	2.0580714	0.0073049976
	2.0614069	0.006982022
	2.0647426	0.0068742847
	2.068078	0.0070540374
	2.0714138	0.0074498588
	2.0747492	0.0078785606
	2.0780849	0.0081309946
	2.0814207	0.0080721965
	2.0847561	0.0077085393
	2.0880919	0.0071895099
	2.0914273	0.0067422725
	2.094763	0.006568857
	2.0980985	0.006753406
	2.1014342	0.0072221328
	2.1047699	0.0077739418
	2.1081054	0.0081669241
	2.1114411	0.0082207229
	2.1147766	0.0078887669
	2.1181123	0.0072698165
	2.1214478	0.006557337
	2.1247835	0.0059536006
	2.128119	0.0055898842
	2.1314547	0.0054883296
	2.1347904	0.0055786781
	2.1381259	0.0057556918
	2.1414616	0.005944123
	2.1447971	0.0061365734
	2.1481328	0.0063855285
	2.1514683	0.0067558256
	2.154804	0.0072649932
	2.1581397	0.0078456923
	2.1614752	0.008353564
	2.1648109	0.0086206142
	2.1681464	0.0085305171
	2.1714821	0.0080796108
	2.1748176	0.0073924442
	2.1781533	0.0066812579
	2.1814888	0.0061649755
	2.1848245	0.005982799
	2.1881602	0.0061407834
	2.1914957	0.006515278
	2.1948314	0.006911458
	2.1981668	0.0071503343
	2.2015026	0.0071450775
	2.204838	0.0069329804
	2.2081738	0.0066501293
	2.2115092	0.0064621661
	2.2148449	0.006484136
	2.2181807	0.0067265038
	2.2215161	0.0070913886
	2.2248518	0.0074193119
	2.2281873	0.0075635095
	2.231523	0.0074568
	2.2348585	0.0071404492
	2.2381942	0.0067428714
	2.2415299	0.006419485
	2.2448654	0.006282527
	2.2482011	0.0063532372
	2.2515366	0.0065572807
	2.2548723	0.0067635356
	2.2582078	0.0068463925
	2.2615435	0.0067418339
	2.264879	0.0064720027
	2.2682147	0.0061290469
	2.2715504	0.0058286074
	2.2748859	0.0056569315
	2.2782216	0.0056369849
	2.2815571	0.0057280022
	2.2848928	0.0058555575
	2.2882283	0.005954321
	2.291564	0.0060004713
	2.2948997	0.0060175234
	2.2982352	0.0060542412
	2.3015709	0.006148376
	2.3049064	0.0062974375
	2.3082421	0.0064536855
	2.3115776	0.0065472084
	2.3149133	0.0065253354
	2.3182487	0.0063869734
	2.3215845	0.0061919936
	2.3249202	0.0060380776
	2.3282557	0.0060143457
	2.3315914	0.0061540026
	2.3349268	0.0064103468
	2.3382626	0.0066702487
	2.341598	0.0068013733
	2.3449337	0.0067126192
	2.3482695	0.0063998592
	2.3516049	0.0059549054
	2.3549407	0.0055321497
	2.3582761	0.0052866843
	2.3616118	0.0053107375
	2.3649473	0.0055958005
	2.368283	0.006035923
	2.3716185	0.0064691366
	2.3749542	0.0067377612
	2.3782899	0.0067418306
	2.3816254	0.0064654155
	2.3849611	0.0059696441
	2.3882966	0.0053613414
	2.3916323	0.0047549647
	2.3949678	0.0042444924
	2.3983035	0.0038928452
	2.4016392	0.0037352454
	2.4049747	0.003786101
	2.4083104	0.004040054
	2.4116459	0.0044653541
	2.4149816	0.0049964739
	2.4183171	0.0055368142
	2.4216528	0.0059783952
	2.4249883	0.006235295
	2.428324	0.0062771668
	2.4316597	0.006145115
	2.4349952	0.0059380629
	2.4383309	0.0057716188
	2.4416664	0.0057264101
	2.4450021	0.0058106282
	2.4483376	0.0059569036
	2.4516733	0.0060577109
	2.455009	0.0060237376
	2.4583445	0.0058362558
	2.4616802	0.0055652135
	2.4650156	0.005340422
	2.4683514	0.0052868268
	2.4716868	0.0054546939
	2.4750226	0.0057809572
	2.478358	0.0061050295
	2.4816937	0.0062364428
	2.4850295	0.0060450956
	2.4883649	0.0055311853
	2.4917006	0.004838815
	2.4950361	0.0042025577
	2.4983718	0.0038482954
	2.5017073	0.003892849
	2.505043	0.0042894646
	2.5083787	0.0048460355
	2.5117142	0.0053091561
	2.5150499	0.0054758056
	2.5183854	0.0052809292
	2.5217211	0.0048202733
	2.5250566	0.0042985021
	2.5283923	0.003928157
	2.5317278	0.0038281947
	2.5350635	0.0039704796
	2.5383992	0.004198866
	2.5417347	0.0043101744
	2.5450704	0.0041566575
	2.5484059	0.0037199133
	2.5517416	0.0031210345
	2.5550771	0.0025634072
	2.5584128	0.0022372417
	2.5617483	0.0022325877
	2.565084	0.0025020235
	2.5684197	0.0028887852
	2.5717552	0.0032039355
	2.5750909	0.0033133323
	2.5784264	0.0031925587
	2.5817621	0.0029260418
	2.5850976	0.0026554009
	2.5884333	0.0025066594
	2.591769	0.0025341497
	2.5951045	0.0027073845
	2.5984402	0.0029428494
	2.6017756	0.0031588862
	2.6051114	0.0033210639
	2.6084468	0.0034528852
	2.6117826	0.0036076258
	2.615118	0.0038197394
	2.6184537	0.0040661013
	2.6217895	0.0042619575
	2.6251249	0.0042968411
	2.6284606	0.0040927334
	2.6317961	0.0036530737
	2.6351318	0.0030746136
	2.6384673	0.0025130559
	2.641803	0.0021179486
	2.6451387	0.001969218
	2.6484742	0.0020477301
	2.6518099	0.0022549748
	2.6551454	0.0024713231
	2.6584811	0.0026218463
	2.6618166	0.0027144768
	2.6651523	0.002829843
	2.6684878	0.0030680171
	2.6718235	0.0034809837
	2.6751592	0.0040282179
	2.6784947	0.0045813778
	2.6818304	0.0049784002
	2.6851659	0.0051005827
	2.6885016	0.0049328143
	2.6918371	0.0045744912
	2.6951728	0.0041935369
	2.6985085	0.0039456333
	2.701844	0.0038997324
	2.7051797	0.0040087472
	2.7085152	0.004141571
	2.7118509	0.0041605798
	2.7151864	0.0040040873
	2.7185221	0.0037291499
	2.7218575	0.003489468
	2.7251933	0.0034566976
	2.728529	0.0037241962
	2.7318645	0.0042439387
	2.7352002	0.0048331195
	2.7385356	0.0052529499
	2.7418714	0.0053249355
	2.7452068	0.0050282842
	2.7485425	0.0045277122
	2.7518783	0.0041121859
	2.7552137	0.0040676063
	2.7585495	0.0045397221
	2.7618849	0.0054511256
	2.7652206	0.0065136766
	2.7685561	0.0073351315
	2.7718918	0.0075758272
	2.7752273	0.0070880856
	2.778563	0.0059782928
	2.7818987	0.0045658741
	2.7852342	0.0032585633
	2.7885699	0.0023987007
	2.7919054	0.0021451209
	2.7952411	0.0024361555
	2.7985766	0.003041408
	2.8019123	0.0036714906
	2.805248	0.0040932689
	2.8085835	0.0042019114
	2.8119192	0.0040262891
	2.8152547	0.003677398
	2.8185904	0.0032741702
	2.8219259	0.0028864318
	2.8252616	0.0025201247
	2.8285971	0.0021445442
	2.8319328	0.0017389178
	2.8352685	0.0013274521
	2.838604	0.00098107196
	2.8419397	0.00078453636
	2.8452752	0.00078786636
	2.8486109	0.00097026426
	2.8519464	0.0012383185
	2.8552821	0.0014620631
	2.8586175	0.0015322353
	2.8619533	0.0014105079
	2.865289	0.0011474735
	2.8686244	0.00085904571
	2.8719602	0.00067247381
	2.8752956	0.00066792418
	2.8786314	0.00084335665
	2.8819668	0.001118627
	2.8853025	0.0013756201
	2.8886383	0.0015143309
	2.8919737	0.0014982774
	2.8953094	0.0013690871
	2.8986449	0.0012256945
	2.9019806	0.0011802386
	2.9053161	0.001312349
	2.9086518	0.001641974
	2.9119873	0.0021299368
	2.915323	0.002701259
	2.9186587	0.0032763055
	2.9219942	0.0037936175
	2.9253299	0.0042156428
	2.9286654	0.0045197387
	2.9320011	0.0046853749
	2.9353366	0.004689795
	2.9386723	0.0045180134
	2.942008	0.0041828048
	2.9453435	0.0037421666
	2.9486792	0.0033005306
	2.9520147	0.0029867876
	2.9553504	0.0029138543
	2.9586859	0.0031350798
	2.9620216	0.0036167267
	2.9653571	0.0042406283
	2.9686928	0.0048389393
	2.9720285	0.0052491529
	2.975364	0.0053685498
	2.9786997	0.0051870984
	2.9820352	0.0047866479
	2.9853709	0.0043079848
	2.9887064	0.0038999368
	2.9920421	0.0036708575
	2.9953778	0.0036602265
	2.9987133	0.0038384425
	3.002049	0.0041308166
	3.0053844	0.0044525801
	3.0087202	0.0047390759
	3.0120556	0.0049596988
	3.0153913	0.0051129651
	3.0187268	0.0052090399
	3.0220625	0.005251152
	3.0253983	0.00522664
	3.0287337	0.0051126648
	3.0320694	0.0048938049
	3.0354049	0.0045824545
	3.0387406	0.0042309156
	3.0420761	0.0039271684
	3.0454118	0.0037730709
	3.0487475	0.0038513963
	3.052083	0.0041934699
	3.0554187	0.0047600772
	3.0587542	0.005444305
	3.0620899	0.0060974765
	3.0654254	0.0065710451
	3.0687611	0.0067612161
	3.0720966	0.0066414545
	3.0754323	0.0062715476
	3.078768	0.005779488
	3.0821035	0.0053215022
	3.0854392	0.0050329668
	3.0887747	0.0049861297
	3.0921104	0.0051682913
	3.0954459	0.0054872083
	3.0987816	0.0058013536
	3.1021173	0.0059645572
	3.1054528	0.0058702319
	3.1087885	0.0054813176
	3.112124	0.0048376238
	3.1154597	0.004040245
	3.1187952	0.0032201465
	3.1221309	0.0025022856
	3.1254663	0.0019765953
	3.1288021	0.0016832555
	3.1321378	0.0016138669
	3.1354733	0.0017247307
	3.138809	0.0019553194
	3.1421444	0.0022449
	3.1454802	0.0025426419
	3.1488156	0.0028100531
	3.1521513	0.0030177471
	3.1554868	0.0031403352
	3.1588225	0.0031533043
	3.1621583	0.0030344133
	3.1654937	0.0027700362
	3.1688294	0.002364686
	3.1721649	0.0018502109
	3.1755006	0.0012903486
	3.1788361	0.00077677431
	3.1821718	0.00041472705
	3.1855075	0.00029952169
	3.188843	0.00048904662
	3.1921787	0.00098038872
	3.1955142	0.001699528
	3.1988499	0.0025105763
	3.2021854	0.0032453933
	3.2055211	0.0037471554
	3.2088566	0.0039152312
	3.2121923	0.0037363255
	3.215528	0.0032899338
	3.2188635	0.0027242647
	3.2221992	0.0022092685
	3.2255347	0.001882239
	3.2288704	0.0018049136
	3.2322059	0.001947311
	3.2355416	0.0022038352
	3.2388773	0.0024351284
	3.2422128	0.0025196052
	3.2455485	0.0023954124
	3.248884	0.0020779863
	3.2522197	0.001648475
	3.2555552	0.001219763
	3.2588909	0.0008949131
	3.2622263	0.00073441234
	3.2655621	0.00074343046
	3.2688978	0.00088106806
	3.2722332	0.0010845134
	3.275569	0.0012959816
	3.2789044	0.0014810297
	3.2822402	0.0016323742
	3.2855756	0.0017606694
	3.2889113	0.0018793396
	3.2922471	0.0019921218
	3.2955825	0.002089265
	3.2989182	0.0021531393
	3.3022537	0.0021691152
	3.3055894	0.002135295
	3.3089249	0.0020658057
	3.3122606	0.0019860165
	3.3155961	0.0019221448
	3.3189318	0.0018903248
	3.3222675	0.0018901998
	3.325603	0.0019058229
	3.3289387	0.0019133333
	3.3322742	0.0018921096
	3.3356099	0.0018348937
	3.3389454	0.0017529563
	3.3422811	0.0016742023
	3.3456168	0.0016344098
	3.3489523	0.0016638993
	3.352288	0.001773495
	3.3556235	0.0019444382
	3.3589592	0.0021267047
	3.3622947	0.0022485817
	3.3656304	0.0022372254
	3.3689659	0.0020456701
	3.3723016	0.0016777435
	3.3756373	0.001200465
	3.3789728	0.0007355205
	3.3823085	0.00042775008
	3.385644	0.0003976732
	3.3889797	0.00069348689
	3.3923151	0.0012616224
	3.3956509	0.0019510488
	3.3989866	0.0025552223
	3.4023221	0.0028805744
	3.4056578	0.0028177979
	3.4089932	0.0023879211
	3.412329	0.00174234
	3.4156644	0.0011128683
	3.4190001	0.00072814239
	3.4223356	0.00072783558
	3.4256713	0.0011090316
	3.4290071	0.0017275772
	3.4323425	0.0023553367
	3.4356782	0.0027709624
	3.4390137	0.0028471614
	3.4423494	0.0025982552
	3.4456849	0.0021682316
	3.4490206	0.0017647626
	3.4523563	0.0015678557
	3.4556918	0.0016527057
	3.4590275	0.0019599267
	3.462363	0.0023254037
	3.4656987	0.0025557321
	3.4690342	0.002515333
	3.4723699	0.0021866804
	3.4757054	0.0016776462
	3.4790411	0.0011739244
	3.4823768	0.00085895276
	3.4857123	0.0008376097
	3.489048	0.0010972006
	3.4923835	0.0015214041
	3.4957192	0.0019484188
	3.4990547	0.0022448499
	3.5023904	0.0023608422
	3.5057259	0.0023420318
	3.5090616	0.0022949907
	3.5123973	0.0023248722
	3.5157328	0.0024766324
	3.5190685	0.0027087587
	3.522404	0.0029123272
	3.5257397	0.0029662407
	3.5290751	0.0028020805
	3.5324109	0.0024472184
	3.5357466	0.0020247912
	3.5390821	0.0017089964
	3.5424178	0.0016546639
	3.5457532	0.0019317884
	3.549089	0.0024934879
	3.5524244	0.0031910304
	3.5557601	0.0038290867
	3.5590956	0.0042375382
	3.5624313	0.0043302323
	3.565767	0.0041281302
	3.5691025	0.003740493
	3.5724382	0.0033154618
	3.5757737	0.0029827876
	3.5791094	0.0028121462
	3.5824449	0.0028011054
	3.5857806	0.0028925475
	3.5891163	0.0030090322
	3.5924518	0.0030864778
	3.5957875	0.0030930848
	3.599123	0.003028834
	3.6024587	0.0029109833
	3.6057942	0.0027567826
	3.6091299	0.002573827
	3.6124654	0.0023622899
	3.6158011	0.0021255556
	3.6191368	0.0018807802
	3.6224723	0.0016611821
	3.625808	0.0015069502
	3.6291435	0.0014485504
	3.6324792	0.0014910618
	3.6358147	0.0016082879
	3.6391504	0.0017507025
	3.6424861	0.0018642501
	3.6458216	0.001911357
	3.6491573	0.0018841939
	3.6524928	0.0018039971
	3.6558285	0.0017072243
	3.659164	0.001625909
	3.6624997	0.0015724506
	3.6658351	0.0015367111
	3.6691709	0.0014968475
	3.6725066	0.0014380277
	3.675842	0.0013687281
	3.6791778	0.0013250345
	3.6825132	0.0013590204
	3.685849	0.0015152112
	3.6891844	0.0018055047
	3.6925201	0.0021945657
	3.6958559	0.0026037029
	3.6991913	0.0029332922
	3.702527	0.0030955339
	3.7058625	0.0030445142
	3.7091982	0.0027913908
	3.7125337	0.0023987019
	3.7158694	0.0019565248
	3.7192049	0.0015506593
	3.7225406	0.0012359088
	3.7258763	0.0010247644
	3.7292118	0.00089469645
	3.7325475	0.00080907741
	3.735883	0.00074109162
	3.7392187	0.00068922847
	3.7425542	0.00067728042
	3.7458899	0.00073914032
	3.7492256	0.00089580694
	3.7525611	0.0011357629
	3.7558968	0.0014086952
	3.7592323	0.0016369267
	3.762568	0.00174131
	3.7659035	0.0016718903
	3.7692392	0.0014310253
	3.7725747	0.0010789722
	3.7759104	0.00071830174
	3.7792461	0.00046146879
	3.7825816	0.00039240232
	3.7859173	0.00053562538
	3.7892528	0.0008441839
	3.7925885	0.0012113439
	3.7959239	0.0015028624
	3.7992597	0.0015995151
	3.8025951	0.001435949
	3.8059309	0.001023037
	3.8092666	0.00044633687
	3.812602	-0.00015888014
	3.8159378	-0.00064793468
	3.8192732	-0.00090942904
	3.8226089	-0.00089686073
	3.8259444	-0.00063959678
	3.8292801	-0.00023054799
	3.8326159	0.00020460234
	3.8359513	0.00054612604
	3.839287	0.00071448734
	3.8426225	0.00068981491
	3.8459582	0.00051169511
	3.8492937	0.00026095044
	3.8526294	3.0612442e-05
	3.8559649	-0.00010392976
	3.8593006	-0.00010629482
	3.8626363	1.374927e-05
	3.8659718	0.00020808355
	3.8693075	0.00040899587
	3.872643	0.0005520049
	3.8759787	0.00059542613
	3.8793142	0.00053121307
	3.8826499	0.00038486751
	3.8859856	0.00020569177
	3.8893211	5.1285351e-05
	3.8926568	-2.8670183e-05
	3.8959923	-4.753354e-06
	3.899328	0.00012661662
	3.9026635	0.00034496502
	3.9059992	0.00061336963
	3.9093347	0.00088894006
	3.9126704	0.0011328829
	3.9160061	0.0013175936
	3.9193416	0.0014296608
	3.9226773	0.0014692391
	3.9260128	0.0014473438
	3.9293485	0.0013828081
	3.9326839	0.0012999215
	3.9360197	0.0012265472
	3.9393554	0.0011914987
	3.9426908	0.0012198295
	3.9460266	0.0013257025
	3.949362	0.0015043303
	3.9526978	0.001726212
	3.9560332	0.0019374689
	3.9593689	0.0020688011
	3.9627044	0.0020525812
	3.9660401	0.0018438967
	3.9693758	0.0014386098
	3.9727113	0.00088118034
	3.976047	0.00025774728
	3.9793825	-0.00032496528
	3.9827182	-0.00076882163
	3.9860537	-0.0010117941
	3.9893894	-0.0010440854
	3.9927251	-0.00090703525
	3.9960606	-0.00067543419
	3.9993963	-0.00043024003
	4.0027318	-0.00023228198
	4.0060673	-0.00010678569
	4.0094032	-4.3734784e-05
	4.0127387	-1.2291557e-05
	4.0160742	1.8310462e-05
	4.0194101	6.1290259e-05
	4.0227456	0.00010601219
	4.0260811	0.00012510286
	4.0294166	9.0960049e-05
	4.0327525	-6.5876484e-06
	4.036088	-0.00015001027
	4.0394235	-0.000296137
	4.0427589	-0.00038980044
	4.0460949	-0.00038321686
	4.0494304	-0.00025302175
	4.0527658	-8.3324821e-06
	4.0561018	0.00031258646
	4.0594373	0.00065466634
	4.0627728	0.00096180732
	4.0661082	0.0011901862
	4.0694442	0.0013154857
	4.0727797	0.0013337927
	4.0761151	0.0012584948
	4.0794511	0.0011160849
	4.0827866	0.00094243768
	4.086122	0.00077904633
	4.0894575	0.00066747831
	4.0927935	0.00064094615
	4.0961289	0.00071416359
	4.0994644	0.00087521772
	4.1028004	0.0010842679
	4.1061358	0.0012823264
	4.1094713	0.0014094249
	4.1128068	0.0014267671
	4.1161427	0.0013343672
	4.1194782	0.001176034
	4.1228137	0.001027748
	4.1261492	0.00097203098
	4.1294851	0.0010670607
	4.1328206	0.0013222604
	4.1361561	0.0016903328
	4.139492	0.0020797201
	4.1428275	0.0023836121
	4.146163	0.0025151391
	4.1494985	0.0024359645
	4.1528344	0.0021680896
	4.1561699	0.0017851895
	4.1595054	0.0013874803
	4.1628413	0.0010699034
	4.1661768	0.00089513429
	4.1695123	0.00088018354
	4.1728477	0.00099955767
	4.1761837	0.001201594
	4.1795192	0.0014301698
	4.1828547	0.0016430147
	4.1861906	0.0018203579
	4.1895261	0.0019622748
	4.1928616	0.0020778773
	4.196197	0.002172532
	4.199533	0.0022395644
	4.2028685	0.002260508
	4.2062039	0.0022139535
	4.2095399	0.0020890811
	4.2128754	0.0018976069
	4.2162108	0.0016780688
	4.2195463	0.0014891886
	4.2228823	0.0013934437
	4.2262177	0.0014363183
	4.2295532	0.001629167
	4.2328887	0.001942959
	4.2362247	0.002316348
	4.2395601	0.0026757817
	4.2428956	0.0029600509
	4.2462316	0.0031391911
	4.249567	0.0032194704
	4.2529025	0.0032319895
	4.256238	0.0032099737
	4.2595739	0.0031657317
	4.2629094	0.0030794851
	4.2662449	0.0029076107
	4.2695808	0.0026087989
	4.2729163	0.0021770999
	4.2762518	0.0016654023
	4.2795873	0.0011848588
	4.2829232	0.00087515533
	4.2862587	0.00085380865
	4.2895942	0.0011639727
	4.2929301	0.0017439021
	4.2962656	0.0024346341
	4.2996011	0.0030275083
	4.3029366	0.0033359164
	4.3062725	0.0032638097
	4.309608	0.0028428102
	4.3129435	0.0022213843
	4.3162794	0.0016089643
	4.3196149	0.0011968829
	4.3229504	0.0010880409
	4.3262858	0.0012636372
	4.3296218	0.0015993888
	4.3329573	0.0019224258
	4.3362927	0.0020829714
	4.3396282	0.0020096716
	4.3429642	0.0017262729
	4.3462996	0.0013259245
	4.3496351	0.00091892423
	4.3529711	0.00058099139
	4.3563066	0.00032705473
	4.359642	0.00012136967
	4.3629775	-8.425345e-05
	4.3663135	-0.00030675292
	4.3696489	-0.00050792069
	4.3729844	-0.00060510577
	4.3763204	-0.0005129599
	4.3796558	-0.00019565236
	4.3829913	0.00029801915
	4.3863268	0.00083735783
	4.3896627	0.0012533824
	4.3929982	0.0014062567
	4.3963337	0.00124674
	4.3996696	0.00084293884
	4.4030051	0.000358385
	4.4063406	-1.0839276e-05
	4.4096761	-0.00011363863
	4.413012	9.695645e-05
	4.4163475	0.00054795604
	4.419683	0.0010795671
	4.4230185	0.0015116798
	4.4263544	0.0017143021
	4.4296899	0.0016524208
	4.4330254	0.0013887053
	4.4363613	0.001046948
	4.4396968	0.0007559224
	4.4430323	0.00059990643
	4.4463677	0.00059617899
	4.4497037	0.00070506794
	4.4530392	0.0008622809
	4.4563746	0.0010139826
	4.4597106	0.0011364014
	4.4630461	0.0012321891
	4.4663815	0.0013094045
	4.469717	0.0013585903
	4.473053	0.001344088
	4.4763885	0.0012173295
	4.4797239	0.0009469107
	4.4830599	0.00054961949
	4.4863954	0.00010396502
	4.4897308	-0.00026520103
	4.4930663	-0.00042879229
	4.4964023	-0.00030648234
	4.4997377	9.2349495e-05
	4.5030732	0.00065948046
	4.5064092	0.0012178472
	4.5097446	0.0015816097
	4.5130801	0.0016239324
	4.5164156	0.0013258514
	4.5197515	0.00078626815
	4.523087	0.00018807636
	4.5264225	-0.00026738094
	4.529758	-0.00043288062
	4.5330939	-0.0002674672
	4.5364294	0.00015139434
	4.5397649	0.00065987726
	4.5431008	0.0010714424
	4.5464363	0.001247593
	4.5497718	0.0011487977
	4.5531073	0.00084642868
	4.5564432	0.00049157167
	4.5597787	0.00025310041
	4.5631142	0.00024921526
	4.5664501	0.00049920561
	4.5697856	0.00091443327
	4.5731211	0.0013322792
	4.5764565	0.0015798484
	4.5797925	0.0015422223
	4.583128	0.0012079128
	4.5864635	0.00067306566
	4.5897994	0.00010261602
	4.5931349	-0.00033562642
	4.5964704	-0.00053650222
	4.5998058	-0.00049508834
	4.6031418	-0.00030055561
	4.6064773	-8.9420326e-05
	4.6098127	2.0693482e-05
	4.6131487	-1.3360505e-05
	4.6164842	-0.00014110666
	4.6198196	-0.00024525911
	4.6231551	-0.00020278955
	4.6264911	4.8011651e-05
	4.6298265	0.00046675946
	4.633162	0.00091779424
	4.6364975	0.0012244075
	4.6398335	0.0012478308
	4.6431689	0.00095541665
	4.6465044	0.00044550869
	4.6498404	-8.5161206e-05
	4.6531758	-0.00042000794
	4.6565113	-0.00041407079
	4.6598468	-5.8312617e-05
	4.6631827	0.00051248429
	4.6665182	0.0010730457
	4.6698537	0.0013999176
	4.6731896	0.0013630833
	4.6765251	0.00097738358
	4.6798606	0.00039206533
	4.6831961	-0.0001758322
	4.686532	-0.00053397781
	4.6898675	-0.00059218379
	4.693203	-0.00039161847
	4.6965389	-7.5033633e-05
	4.6998744	0.0001862007
	4.7032099	0.00027381905
	4.7065454	0.00017611797
	4.7098813	-9.8073442e-06
	4.7132168	-0.00012623813
	4.7165523	-3.0197385e-05
	4.7198877	0.00033833482
	4.7232237	0.00092514831
	4.7265592	0.0015799165
	4.7298946	0.0021143779
	4.7332306	0.0023748584
	4.7365661	0.0022990238
	4.7399015	0.0019352945
	4.743237	0.0014200029
	4.746573	0.00092437619
	4.7499084	0.00059374445
	4.7532439	0.0005016895
	4.7565799	0.00063347619
	4.7599154	0.00090071041
	4.7632508	0.0011781758
	4.7665863	0.0013479838
	4.7699223	0.0013364166
	4.7732577	0.0011335302
	4.7765932	0.00079200848
	4.7799292	0.00040763174
	4.7832646	8.7918983e-05
	4.7866001	-8.2107777e-05
	4.7899356	-6.7391185e-05
	4.7932715	0.00010491609
	4.796607	0.00035337228
	4.7999425	0.00056947762
	4.8032784	0.0006564809
	4.8066139	0.0005665404
	4.8099494	0.00032175842
	4.8132849	9.236257e-06
	4.8166208	-0.00025005054
	4.8199563	-0.00034764438
	4.8232918	-0.000230786
	4.8266273	7.6066251e-05
	4.8299632	0.00048133681
	4.8332987	0.00086428883
	4.8366342	0.001124272
	4.8399701	0.0012190806
	4.8433056	0.0011749829
	4.8466411	0.001064326
	4.8499765	0.00096237595
	4.8533125	0.00090548245
	4.856648	0.00087230327
	4.8599834	0.00079841656
	4.8633194	0.00061754405
	4.8666549	0.00030829306
	4.8699903	-7.8751225e-05
	4.8733258	-0.00043003869
	4.8766618	-0.00061300199
	4.8799973	-0.00053579704
	4.8833327	-0.00019447868
	4.8866687	0.00031619563
	4.8900042	0.00083557679
	4.8933396	0.0012000635
	4.8966751	0.001307942
	4.9000111	0.001156566
	4.9033465	0.00083527376
	4.906682	0.00047849424
	4.910018	0.00020234528
	4.9133534	5.539813e-05
	4.9166889	6.5549639e-06
	4.9200244	-2.5938793e-05
	4.9233603	-0.00012096125
	4.9266958	-0.00030508864
	4.9300313	-0.00053332141
	4.9333668	-0.00071020075
	4.9367027	-0.00074057345
	4.9400382	-0.00058375072
	4.9433737	-0.00028263198
	4.9467096	4.8336489e-05
	4.9500451	0.00027190536
	4.9533806	0.00029045937
	4.9567161	9.1957794e-05
	4.960052	-0.0002430295
	4.9633875	-0.00057674188
	4.966723	-0.00077510666
	4.9700589	-0.00076499936
	4.9733944	-0.00056105247
	4.9767299	-0.0002504609
	4.9800653	5.5170378e-05
	4.9834013	0.00027617009
	4.9867368	0.00040134374
	4.9900723	0.00048729207
	4.9934082	0.00062194455
	4.9967437	0.00087146543
	5.0000792	0.0012376179
	5.0034146	0.0016471834
	5.0067506	0.0019791289
	5.0100861	0.0021168704
	5.0134215	0.002001073
	5.0167575	0.0016584414
	5.020093	0.0011934564
	5.0234284	0.00074714585
	5.0267639	0.00044153756
	5.0300999	0.00033385755
	5.0334353	0.00039893828
	5.0367708	0.00054499099
	5.0401063	0.00065347931
	5.0434422	0.00062480848
	5.0467777	0.00041132839
	5.0501132	2.6797296e-05
	5.0534492	-0.00046742111
	5.0567846	-0.00098990754
	5.0601201	-0.0014673331
	5.0634556	-0.0018526363
	5.0667915	-0.0021291398
	5.070127	-0.0023032194
	5.0734625	-0.0023920294
	5.0767984	-0.0024128123
	5.0801339	-0.0023774777
	5.0834694	-0.0022925658
	5.0868049	-0.0021623184
	5.0901408	-0.0019921288
	5.0934763	-0.0017906333
	5.0968118	-0.0015700394
	5.1001477	-0.0013450684
	5.1034832	-0.0011309907
	5.1068187	-0.00094109745
	5.1101542	-0.0007841179
	5.1134901	-0.00066259556
	5.1168256	-0.00057354837
	5.1201611	-0.00051217846
	5.1234965	-0.00047777084
	5.1268325	-0.0004789349
	5.130168	-0.00053432595
	5.1335034	-0.00066611537
	5.1368394	-0.00088686374
	5.1401749	-0.0011847194
	5.1435103	-0.0015146713
	5.1468458	-0.001802823
	5.1501818	-0.0019658043
	5.1535172	-0.0019402162
	5.1568527	-0.0017108166
	5.1601887	-0.0013244569
	5.1635242	-0.00088122737
	5.1668596	-0.00050353771
	5.1701951	-0.00029393518
	5.1735311	-0.00029851194
	5.1768665	-0.00049144716
	5.180202	-0.00078764727
	5.183538	-0.0010782577
	5.1868734	-0.0012736678
	5.1902089	-0.0013354076
	5.1935444	-0.0012837062
	5.1968803	-0.0011789368
	5.2002158	-0.0010872307
	5.2035513	-0.0010473665
	5.2068872	-0.0010544476
	5.2102227	-0.0010668652
	5.2135582	-0.0010312903
	5.2168937	-0.00091190205
	5.2202296	-0.00070890906
	5.2235651	-0.0004579208
	5.2269006	-0.0002121985
	5.2302361	-1.8601433e-05
	5.233572	9.942714e-05
	5.2369075	0.00014334878
	5.240243	0.00012635332
	5.2435789	5.4930053e-05
	5.2469144	-8.2420032e-05
	5.2502499	-0.00031118933
	5.2535853	-0.00065256684
	5.2569213	-0.0011007079
	5.2602568	-0.0016090482
	5.2635922	-0.002095263
	5.2669282	-0.0024650092
	5.2702637	-0.0026445424
	5.2735991	-0.002607136
	5.2769346	-0.002380833
	5.2802706	-0.0020341908
	5.2836061	-0.0016475565
	5.2869415	-0.0012842631
	5.2902775	-0.0009753466
	5.293613	-0.00072346278
	5.2969484	-0.00052097562
	5.3002839	-0.00036960837
	5.3036199	-0.00028873965
	5.3069553	-0.00030656607
	5.3102908	-0.00043893146
	5.3136268	-0.00066866586
	5.3169622	-0.00093910343
	5.3202977	-0.001168326
	5.3236332	-0.0012793196
	5.3269691	-0.0012318584
	5.3303046	-0.0010398768
	5.3336401	-0.00076481962
	5.3369756	-0.00048763843
	5.3403115	-0.00027325962
	5.343647	-0.00014537825
	5.3469825	-8.3940111e-05
	5.3503184	-4.5426947e-05
	5.3536539	6.3776342e-06
	5.3569894	7.7217592e-05
	5.3603249	0.00014054473
	5.3636608	0.00015849927
	5.3669963	0.00011348246
	5.3703318	3.0800002e-05
	5.3736677	-2.3567729e-05
	5.3770032	2.7167409e-05
	5.3803387	0.00022639072
	5.3836741	0.00054897496
	5.3870101	0.00089680188
	5.3903456	0.0011324452
	5.393681	0.0011389776
	5.397017	0.00087870192
	5.4003525	0.00042121101
	5.403688	-7.6223252e-05
	5.4070234	-0.00043072808
	5.4103594	-0.00051201938
	5.4136949	-0.00030092741
	5.4170303	9.9908779e-05
	5.4203658	0.00050972239
	5.4237018	0.00074867776
	5.4270372	0.00071620691
	5.4303727	0.00043238999
	5.4337087	2.3374372e-05
	5.4370441	-0.00034168703
	5.4403796	-0.00053166103
	5.4437151	-0.00051347999
	5.447051	-0.00036256024
	5.4503865	-0.00021901405
	5.453722	-0.00021130421
	5.457058	-0.00038475939
	5.4603934	-0.00067015382
	5.4637289	-0.00090852717
	5.4670644	-0.00092175399
	5.4704003	-0.00059674802
	5.4737358	5.5316261e-05
	5.4770713	0.00089201442
	5.4804072	0.0016885633
	5.4837427	0.0022215364
	5.4870782	0.0023517455
	5.4904137	0.0020722311
	5.4937496	0.0015035606
	5.4970851	0.00084153295
	5.5004206	0.00028151076
	5.5037565	-4.899098e-05
	5.507092	-0.0001242073
	5.5104275	-1.1350585e-05
	5.513763	0.00017205016
	5.5170989	0.00031374829
	5.5204344	0.0003521716
	5.5237699	0.00029562658
	5.5271053	0.00021150398
	5.5304413	0.00019327457
	5.5337768	0.00031987228
	5.5371122	0.00062263891
	5.5404482	0.0010705374
	5.5437837	0.0015773897
	5.5471191	0.0020279621
	5.5504546	0.0023144239
	5.5537906	0.0023718213
	5.557126	0.0022010913
	5.5604615	0.0018710975
	5.5637975	0.0014971227
	5.5671329	0.0012012223
	5.5704684	0.001067484
	5.5738039	0.0011092968
	5.5771399	0.0012634427
	5.5804753	0.001416598
	5.5838108	0.001456371
	5.5871468	0.0013267694
	5.5904822	0.0010630842
	5.5938177	0.00078724604
	5.5971532	0.00066062546
	5.6004891	0.0008108592
	5.6038246	0.0012636533
	5.6071601	0.0019120808
	5.610496	0.0025423507
	5.6138315	0.0029111088
	5.617167	0.0028452678
	5.6205025	0.0023223977
	5.6238384	0.0014948052
	5.6271739	0.00064258376
	5.6305094	7.1063208e-05
	5.6338449	-7.0261167e-06
	5.6371808	0.00044377797
	5.6405163	0.0012658015
	5.6438518	0.0021682396
	5.6471877	0.0028382763
	5.6505232	0.0030575297
	5.6538587	0.0027769634
	5.6571941	0.0021224343
	5.6605301	0.0013332028
	5.6638656	0.00066334498
	5.667201	0.00028903148
	5.670537	0.00025817574
	5.6738725	0.00049720937
	5.6772079	0.00086362992
	5.6805434	0.0012146661
	5.6838794	0.0014595698
	5.6872149	0.0015754913
	5.6905503	0.0015872073
	5.6938863	0.0015286176
	5.6972218	0.0014105422
	5.7005572	0.0012127319
	5.7038927	0.00090269063
	5.7072287	0.00046848159
	5.7105641	-5.4865468e-05
	5.7138996	-0.00058198266
	5.7172351	-0.0010009966
	5.720571	-0.0012144331
	5.7239065	-0.0011783261
	5.727242	-0.00092160201
	5.7305779	-0.0005374038
	5.7339134	-0.00015094942
	5.7372489	0.00012173374
	5.7405844	0.00020766121
	5.7439203	9.2286551e-05
	5.7472558	-0.00018513437
	5.7505913	-0.00054957729
	5.7539272	-0.0009119215
	5.7572627	-0.0011869502
	5.7605982	-0.0013056996
	5.7639337	-0.0012244184
	5.7672696	-0.00093284348
	5.7706051	-0.00046129833
	5.7739406	0.00011789027
	5.7772765	0.00070040405
	5.780612	0.0011736263
	5.7839475	0.0014492034
	5.7872829	0.0014928825
	5.7906189	0.0013379798
	5.7939544	0.00107384
	5.7972898	0.00081125769
	5.8006258	0.00063814106
	5.8039613	0.00058478938
	5.8072968	0.00061520829
	5.8106322	0.00064950541
	5.8139682	0.0006076697
	5.8173037	0.00045414342
	5.8206391	0.00022126967
	5.8239746	-8.5898358e-07
	5.8273106	-0.00010460638
	5.830646	-1.6588821e-05
	5.8339815	0.00026379226
	5.8373175	0.0006583705
	5.8406529	0.0010409624
	5.8439884	0.0012915252
	5.8473239	0.0013490027
	5.8506598	0.0012384166
	5.8539953	0.0010596626
	5.8573308	0.00094329409
	5.8606668	0.00099377346
	5.8640022	0.0012460216
	5.8673377	0.0016542311
	5.8706732	0.0021163607
	5.8740091	0.0025211212
	5.8773446	0.0027945365
	5.8806801	0.0029246744
	5.884016	0.0029547419
	5.8873515	0.0029504392
	5.890687	0.0029595559
	5.8940225	0.0029846383
	5.8973584	0.0029821892
	5.9006939	0.0028882751
	5.9040294	0.0026574018
	5.9073653	0.0022952461
	5.9107008	0.0018689629
	5.9140363	0.0014894146
	5.9173717	0.0012724833
	5.9207077	0.0012956834
	5.9240432	0.0015677876
	5.9273787	0.0020230557
	5.9307141	0.0025412359
	5.9340501	0.0029846381
	5.9373856	0.0032382533
	5.940721	0.0032395762
	5.944057	0.0029901876
	5.9473925	0.002548272
	5.9507279	0.0020070784
	5.9540634	0.0014671894
	5.9573994	0.0010103763
	5.9607348	0.00068093202
	5.9640703	0.00047798009
	5.9674063	0.00035997399
	5.9707417	0.0002603342
	5.9740772	0.00011063388
	5.9774127	-0.00013483901
	5.9807487	-0.00048094292
	5.9840841	-0.000887095
	5.9874196	-0.0012796259
	5.9907556	-0.0015783282
	5.994091	-0.0017281285
	5.9974265	-0.0017232799
	6.000762	-0.0016129923
	6.0040979	-0.0014841619
	6.0074334	-0.0014264779
	6.0107689	-0.001493539
	6.0141044	-0.0016766943
	6.0174403	-0.0019041458
	6.0207758	-0.0020676879
	6.0241113	-0.0020674795
	6.0274472	-0.0018567372
	6.0307827	-0.0014672176
	6.0341182	-0.0010036445
	6.0374537	-0.00060790719
	6.0407896	-0.00040654829
	6.0441251	-0.00046226828
	6.0474606	-0.00074877014
	6.0507965	-0.0011588745
	6.054132	-0.0015424937
	6.0574675	-0.0017594245
	6.0608029	-0.0017267365
	6.0641389	-0.001443648
	6.0674744	-0.0009864344
	6.0708098	-0.00047778056
	6.0741458	-4.4099179e-05
	6.0774813	0.00022271597
	6.0808167	0.00028639962
	6.0841522	0.00016581046
	6.0874882	-8.2852319e-05
	6.0908237	-0.00039102795
	6.0941591	-0.00069913862
	6.0974951	-0.00096730836
	6.1008306	-0.0011745811
	6.104166	-0.0013111581
	6.1075015	-0.0013705338
	6.1108375	-0.0013470377
	6.1141729	-0.0012402205
	6.1175084	-0.0010629736
	6.1208439	-0.00084749446
	6.1241798	-0.00064358796
	6.1275153	-0.00050720433
	6.1308508	-0.00048201982
	6.1341867	-0.00058102346
	6.1375222	-0.00077641878
	6.1408577	-0.001003787
	6.1441932	-0.0011810476
	6.1475291	-0.0012363973
	6.1508646	-0.0011348397
	6.1542001	-0.00089236413
	6.157536	-0.00057099923
	6.1608715	-0.00025552016
	6.164207	-2.0536365e-05
	6.1675425	9.8487813e-05
	6.1708784	0.0001175183
	6.1742139	9.3389957e-05
	6.1775494	9.4222538e-05
	6.1808853	0.00016370376
	6.1842208	0.00029598208
	6.1875563	0.00043424312
	6.1908917	0.00049585814
	6.1942277	0.00041447533
	6.1975632	0.00018028093
	6.2008986	-0.00014145699
	6.2042346	-0.00042525309
	6.2075701	-0.0005308796
	6.2109056	-0.00036213081
	6.214241	8.6206841e-05
	6.217577	0.00071511901
	6.2209125	0.0013504205
	6.2242479	0.0018045286
	6.2275834	0.0019465245
	6.2309194	0.0017514382
	6.2342548	0.0013078104
	6.2375903	0.00078019837
	6.2409263	0.00034267313
	6.2442617	0.00011175974
	6.2475972	0.00010701893
	6.2509327	0.00025465377
	6.2542686	0.00043005979
	6.2576041	0.00051811314
	6.2609396	0.00046306278
	6.2642756	0.00028615227
	6.267611	6.5280597e-05
	6.2709465	-0.00011079345
	6.274282	-0.00018971509
	6.2776179	-0.00018081396
	6.2809534	-0.00014688114
	6.2842889	-0.00016808389
	6.2876248	-0.00029745506
	6.2909603	-0.00053107209
	6.2942958	-0.00080800743
	6.2976313	-0.0010396643
	6.3009672	-0.0011531338
	6.3043027	-0.0011262788
	6.3076382	-0.00099675392
	6.3109736	-0.00084067474
	6.3143096	-0.00073219591
	6.3176451	-0.00070490665
	6.3209805	-0.00073485693
	6.3243165	-0.00075382163
	6.327652	-0.00068587717
	6.3309875	-0.00048845564
	6.3343229	-0.00017679748
	6.3376589	0.00018074643
	6.3409944	0.00049421197
	6.3443298	0.00069430488
	6.3476658	0.00076399132
	6.3510013	0.00074340805
	6.3543367	0.00070573523
	6.3576722	0.00071650755
	6.3610082	0.00079735031
	6.3643436	0.00091299956
	6.3676791	0.00098877819
	6.3710151	0.00095031766
	6.3743505	0.00076594064
	6.377686	0.00047041738
	6.3810215	0.00015757988
	6.3843575	-5.5828732e-05
	6.3876929	-7.8998259e-05
	6.3910284	0.00011339237
	6.3943644	0.00046836017
	6.3976998	0.00087350869
	6.4010353	0.001198357
	6.4043708	0.0013396492
	6.4077067	0.0012520467
	6.4110422	0.00095391501
	6.4143777	0.00051005243
	6.4177132	2.9860357e-06
	6.4210491	-0.00049259723
	6.4243846	-0.00092232344
	6.4277201	-0.0012504865
	6.431056	-0.0014513351
	6.4343915	-0.001503223
	6.437727	-0.0013920288
	6.4410625	-0.0011227682
	6.4443984	-0.00073145406
	6.4477339	-0.00028721042
	6.4510694	0.00012116852
	6.4544053	0.00041168637
	6.4577408	0.00053816364
	6.4610763	0.00050826545
	6.4644117	0.00038085631
	6.4677477	0.00024220123
	6.4710832	0.00017060117
	6.4744186	0.00020490776
	6.4777546	0.00033092647
	6.4810901	0.00049152173
	6.4844255	0.00061520375
	6.487761	0.0006494617
	6.491097	0.0005832329
	6.4944324	0.00044850504
	6.4977679	0.00030130922
	6.5011039	0.00019222246
	6.5044394	0.00014120106
	6.5077748	0.00012897057
	6.5111103	0.00010878125
	6.5144463	3.234587e-05
	6.5177817	-0.00012291415
	6.5211172	-0.00033848447
	6.5244527	-0.00055842882
	6.5277886	-0.00071019807
	6.5311241	-0.00073290645
	6.5344596	-0.00060059526
	6.5377955	-0.00033113072
	6.541131	2.1490217e-05
	6.5444665	0.00038624671
	6.547802	0.00069630478
	6.5511379	0.00090380147
	6.5544734	0.00098439527
	6.5578089	0.00093356112
	6.5611448	0.00076029031
	6.5644803	0.00048364731
	6.5678158	0.00013403303
	6.5711513	-0.00024362485
	6.5744872	-0.00059026916
	6.5778227	-0.00084124017
	6.5811582	-0.00094308745
	6.5844941	-0.00087331189
	6.5878296	-0.00065414817
	6.5911651	-0.00035221237
	6.5945005	-6.0990915e-05
	6.5978365	0.00012937354
	6.601172	0.00016418828
	6.6045074	4.5335171e-05
	6.6078429	-0.00016792936
	6.6111789	-0.00037995659
	6.6145144	-0.00049399014
	6.6178498	-0.00044817233
	6.6211858	-0.00023815289
	6.6245213	8.2469051e-05
	6.6278567	0.00042363364
	6.6311922	0.00069315464
	6.6345282	0.0008298445
	6.6378636	0.00082232268
	6.6411991	0.00070675818
	6.6445351	0.00054579147
	6.6478705	0.00039866968
	6.651206	0.00029596305
	6.6545415	0.00022978862
	6.6578774	0.00016338755
	6.6612129	5.5245357e-05
	6.6645484	-0.00011359046
	6.6678843	-0.00032197044
	6.6712198	-0.00050984748
	6.6745553	-0.00059916754
	6.6778908	-0.00052666309
	6.6812267	-0.00027500719
	6.6845622	0.00011147363
	6.6878977	0.0005347624
	6.6912336	0.00087367429
	6.6945691	0.001026378
	6.6979046	0.00094869698
	6.7012401	0.00067261088
	6.704576	0.00029640563
	6.7079115	-5.1189974e-05
	6.711247	-0.00025997788
	6.7145824	-0.00028153477
	6.7179184	-0.00014921058
	6.7212539	3.42003e-05
	6.7245893	0.00013769447
	6.7279253	5.7032754e-05
	6.7312608	-0.0002379533
	6.7345963	-0.00068310188
	6.7379317	-0.0011362587
	6.7412677	-0.0014257368
	6.7446032	-0.001413628
	6.7479386	-0.0010502489
	6.7512746	-0.00039863089
	6.7546101	0.00038113765
	6.7579455	0.0010828752
	6.761281	0.0015223612
	6.764617	0.0015977874
	6.7679524	0.0013208445
	6.7712879	0.00080783258
	6.7746239	0.00023515464
	6.7779593	-0.00022349163
	6.7812948	-0.00045491013
	6.7846303	-0.00043887697
	6.7879663	-0.00024546013
	6.7913017	-9.2194108e-07
	6.7946372	0.00016282465
	6.7979732	0.00015551044
	6.8013086	-4.4004151e-05
	6.8046441	-0.00038748159
	6.8079796	-0.00078073586
	6.8113155	-0.001118862
	6.814651	-0.0013188027
	6.8179865	-0.0013383135
	6.821322	-0.0011777864
	6.8246579	-0.00086901797
	6.8279934	-0.00045943947
